	S100.8123_S2	S101.8118_S3	S102.8145_S4	S103.8150_S5	S104.8162_S6	S105.8151_S7	S106.8079_S8	S107.8192_S9	S108.8103_S10	S109.8446_S11	S110.8096_S12	S111.8449_S13	S112.8459_S14	S113.8451_S15	S114.8452_S16	S115.8234_S17	S116.8209_S18	S117.8026_S19	S118.8490_S20	S119.8130_S21	S120.8477_S22	S121.8264_S23	S122.8134_S24	S123.8176_S25	S124.8224_S26	S125.8210_S27	S126.8135_S28	S127.8112_S29	S128.8202_S30	S129.8204_S31	S130.8507_S32	S131.8274_S33	S132.8297_S34	S133.8222_S35	S134.8546_S36	S135.8381_S37	S136.8391_S38	S137.8574_S39	S138.8047_S40	S139.8583_S41	S140.8013_S42	S141.8080_S43	S142.8621_S44	S143.8071_S45	S144.8417_S46	S145.8371_S47	S146.8430_S48	S147.8369_S49	S148.8242_S50	S149.8312_S51
S100.8123_S2	0.0	78.31571697037586	70.54673694224678	85.51186656088113	75.50708862429701	78.31505516194356	68.50423907188627	72.14108385813873	67.58169507203358	83.3464310827709	77.041504017395	75.79849705170281	75.54913435918034	96.97343175590123	78.35109148296304	76.6411015330761	80.23018711006198	76.8525675316631	74.61618602931811	74.60486921008552	83.2171906563032	73.08201114393151	75.83700796442366	70.51138079807168	74.4194989412121	70.37331439951461	85.64461694855933	75.91912765542773	80.46724124728713	72.67002741611176	72.36755411374901	87.83572304736853	86.33675349660192	70.6458461886641	75.42226031360117	73.84511717468904	73.09687796622093	81.84387878904427	70.41838346824169	101.3160465992869	80.33121885693473	77.7723587507882	77.18046970538933	85.420274880212	67.79944858527068	79.71710598032008	78.38049649882808	98.1909792961025	68.20597617184121	95.2524535667922
S101.8118_S3	78.31571697037586	0.0	73.67168225334117	81.41507560046233	81.86659728409593	89.01456817688658	76.6087333592092	78.83846514364402	72.19684599484772	73.89279897049929	86.2420464561742	79.16361418203779	80.87482407588902	88.47689668677151	73.9117458604241	71.92439604194367	87.55419291359347	75.17796915444525	77.5659340271746	73.05823635207967	78.59624425680555	75.6963272520396	71.97827428878367	75.59879567593516	85.16639207137351	76.01361197811919	78.31421836771715	77.6924359807863	83.08723399501088	77.59497859301736	68.45957143080908	81.02706104458045	75.39735558639002	77.63305979805529	80.80613704217285	73.94280226416723	77.56169902449074	76.36858177701704	68.13415022540975	97.456767032461	80.14952453401055	78.37481726683676	78.47480682395441	76.35331032501895	74.78569174097167	72.92726227965103	77.15571122303744	94.93100313536668	81.94939503849947	85.76601282733627
S102.8145_S4	70.54673694224678	73.67168225334117	0.0	77.30213338401579	76.74946887067439	77.59643655892893	64.66703684247084	65.80878248269335	69.5376975730505	77.54615517193338	66.42728618897729	72.89362634829703	72.41072417729346	85.75055353628889	73.66021846797989	74.68707572055008	80.49246042488416	72.3708574420636	63.74852594490761	68.42683625456142	73.47425968189397	70.50005942068054	65.58510051108118	66.76081067887083	76.87113451318382	68.99879760754273	78.81639350883205	73.24137865654258	78.18844406135798	68.02958634073947	61.585522144460974	73.35070258579692	78.18137920853846	68.50936705028396	70.25369545182106	70.47831405047495	74.64629982455918	77.00820937066268	65.3536676137349	93.26685234401359	76.59799200986328	75.68156242759798	78.74308521519589	76.57330749862231	69.52915192603113	75.53729553911124	75.50303210925907	88.39639223489723	71.87329353277069	84.42743461585214
S103.8150_S5	85.51186656088113	81.41507560046233	77.30213338401579	0.0	84.23280757228356	87.82853521323281	75.88519213767951	79.41554092052984	76.89508539842143	83.70798669241728	86.97208781041788	82.91759677613487	86.95056313025161	86.11395288770517	78.76122463160603	80.63588797115885	89.96430657414123	82.77429665266541	75.22424679905657	68.95589726446089	77.5684207122024	76.86472754399047	73.80405296716059	78.78088366988813	87.85399805908219	78.42204623013546	83.26972808057089	83.4789773238232	85.94918985490732	79.02125271734009	75.31251698501183	77.36552956429784	79.42553019847331	79.6459583444224	84.21911426256516	75.75173398077976	82.40560809638957	90.25081850247707	73.6301946562303	93.37499440652637	84.35087591920674	82.58890547197596	87.416323763347	78.31584333238261	82.19190631036346	83.1756255942346	81.1828982582854	91.66903508104441	81.63748635265425	85.41514233813608
S104.8162_S6	75.50708862429701	81.86659728409593	76.74946887067439	84.23280757228356	0.0	84.70733692359981	72.69321247144943	75.73472927357459	74.13925099892951	86.89887524081267	79.36602416440738	81.42646527657342	85.28337673555978	97.64001041123409	80.07868122889386	79.18386210312073	85.02056200924754	83.11806883714033	78.31328926416985	77.26090538776323	82.36658220064295	77.44813803351066	77.95448338029193	72.8692307212887	80.36866486590638	77.11493340478532	85.24012628151463	75.1716067845141	84.27938219548459	77.5930667528944	77.2738975018448	89.24724601048574	86.05342009024093	74.84352795154909	78.98414658509874	78.00667814223976	79.45207119644027	87.3827020794111	75.3788759214854	101.53362512861575	80.01728899227588	79.19578863584601	79.93440025370319	87.64341207040543	77.14166318793946	82.23353223492967	82.99894812584607	96.5205957317346	75.868610403589	97.56457464845006
S105.8151_S7	78.31505516194356	89.01456817688658	77.59643655892893	87.82853521323281	84.70733692359981	0.0	68.07414016967297	67.40037510797596	76.45346067003722	90.88788421654908	75.69321431281445	83.9579135365577	79.8410540898334	98.03695728820009	83.90206075392025	85.43013357149215	80.7717544361635	79.40303796686308	77.37645111425718	76.4035910155081	87.83060509040155	78.26487719986997	75.41446881617112	75.82573309962707	76.56167445242926	73.61697208704247	94.36411325686088	78.1402058489393	83.09209298929511	68.38177168398323	76.0982333446919	91.19667854982418	92.44845400395485	77.16606157038365	74.1748870073116	80.35564615787086	81.12829851111316	90.36776806587172	75.9522923767343	103.54953917031462	88.40346712589957	80.85167341580483	87.17770028295867	90.35558618542181	74.5523372300337	86.48397488469169	86.58213497747471	98.8571521662205	69.36980191557703	98.72657277923496
S106.8079_S8	68.50423907188627	76.6087333592092	64.66703684247084	75.88519213767951	72.69321247144943	68.07414016967297	0.0	53.89612017418193	62.69892016420819	81.10553196488203	67.15050841449101	70.5070375668999	73.09631854454874	86.07377853106406	73.24108080699023	73.01355202932422	75.3324937719799	65.6486363929116	63.617838875876316	62.39411815412073	75.23310167323481	65.50764666742445	60.84340159010104	66.01855383869758	70.73879770391265	60.536368981908794	78.9355697287708	67.64152080990911	76.40487429184834	58.047177480926436	61.47354197245981	78.83202605628898	77.61893136239715	61.60279949988701	61.46559981668793	68.83332186671394	67.053236970659	80.15544845304773	59.02963246274139	90.77838270983682	77.40851430998583	74.95237897126106	75.38341411320417	80.00687052546321	63.31916688975044	75.09479815734711	73.8897889582676	89.07088665016161	58.86313625325298	86.97781459413977
S107.8192_S9	72.14108385813873	78.83846514364402	65.80878248269335	79.41554092052984	75.73472927357459	67.40037510797596	53.89612017418193	0.0	64.75078104192572	83.79073926254189	68.89028464317278	73.8647495474465	75.40875452471683	88.18664074411758	75.73923128690024	77.51715388474159	77.18587214232613	72.42503375283157	68.87383943830196	66.00609831323128	78.46153799850165	68.91674143706402	61.94420099789176	67.84189468533243	73.91430666095083	63.73239526130327	83.49243350396547	69.21193442224607	76.90908268770585	60.62795729104815	63.85299767568275	79.82072071050068	80.48121984694752	67.12467124119027	60.91069021151374	72.15810437514043	73.08750185621685	81.07562284462033	63.62694487625719	94.2970159642922	80.71041180210347	77.8411363124636	79.33474898277107	83.44956298301972	66.91026532673469	76.30455661820703	76.70018944466935	90.67459802148394	63.72646003723799	88.56694160777754
S108.8103_S10	67.58169507203358	72.19684599484772	69.5376975730505	76.89508539842143	74.13925099892951	76.45346067003722	62.69892016420819	64.75078104192572	0.0	75.87486664444565	74.00013948011048	70.05305655739465	75.89934126235467	88.28422872928796	68.97301180165562	67.29794990946796	80.5073585825755	71.2296883387589	68.00976775997484	65.3338712512232	78.43488874408995	67.34574829158537	68.03199697779374	63.33538908171543	72.59854953899386	63.16228980099131	76.61055757512356	71.66759026760667	77.7102505729005	64.74468062324976	67.21532832383014	81.4605288366806	77.21759544034504	62.30658682376162	71.48059229446758	64.38125821489352	64.48650618470425	78.54577955226335	64.56804261523439	95.23842220343973	76.89603849718792	75.21368557478837	75.06008371423873	76.23882066917756	65.5999202748556	73.81456103685414	73.14501217669098	92.78074841133268	64.85296417324149	84.74034355453236
S109.8446_S11	83.3464310827709	73.89279897049929	77.54615517193338	83.70798669241728	86.89887524081267	90.88788421654908	81.10553196488203	83.79073926254189	75.87486664444565	0.0	84.69535732353273	81.48324053034506	84.17629773476555	94.34022025920241	78.4161497115131	78.99311002371414	92.97333998759851	78.23754411507976	79.41448612083816	76.37128968815438	81.4942350496585	81.21939528334188	79.99564621224654	79.57442546323936	87.6419713731085	79.269745547625	85.1049263976651	84.4700460044367	84.6302400297913	83.01654704875008	78.35802346709836	84.91405297125716	81.06972809738387	81.26476016231155	86.79188838111178	73.53934410053598	78.92551105462901	85.91529305256427	74.13447300023478	102.31467642168828	83.33650660965536	83.04423768208997	84.06429105321696	77.79814630331906	77.34244634140771	79.06611601834487	82.18363503381423	98.27205261621768	84.08050223850825	89.78152146125979
S110.8096_S12	77.041504017395	86.2420464561742	66.42728618897729	86.97208781041788	79.36602416440738	75.69321431281445	67.15050841449101	68.89028464317278	74.00013948011048	84.69535732353273	0.0	80.02846220602699	80.37561027711182	96.86181871226917	81.85405996459794	82.58007243008733	81.6069123413185	78.67234490088677	65.72578231923137	74.77578010599052	81.11357023449972	75.73952926746544	76.50229722059194	70.07748464329862	75.15593273118245	74.15308925661286	88.66197402266243	76.9324336725449	79.77522825368344	74.09501197265631	75.06541357675385	86.57418488067913	87.56764190612093	72.58398724844935	75.02155188804598	76.54728603533285	79.15918395080844	89.19391606392877	73.42322525380393	101.93952362386096	81.75998472499103	81.08176874364653	85.85974640027186	90.09260581978526	75.90214187667587	83.42529221294183	82.55517102609153	97.05065644471681	75.63461854521026	93.16733052048262
S111.8449_S13	75.79849705170281	79.16361418203779	72.89362634829703	82.91759677613487	81.42646527657342	83.9579135365577	70.5070375668999	73.8647495474465	70.05305655739465	81.48324053034506	80.02846220602699	0.0	80.2077590386517	88.41211237262704	77.06872360289371	77.13286168128552	86.24841279249748	77.36438498985491	74.91197069324497	71.91187149360397	75.72525198253771	72.86902677167879	72.80886584697372	75.17425585939536	79.08807513024284	73.29904832558762	83.83933539216844	76.64303630924027	78.11964917942757	73.24903757057915	71.76346307519088	81.32454265154897	79.34935466949062	76.3283445335215	78.27603808356902	73.36709379642113	72.23578737784447	83.30593449803916	70.5830855983993	95.94773460113245	80.9599519604769	78.33283966597592	83.12827934764256	81.40229648028163	75.61544900891596	78.35202980692142	73.47192266154107	92.39807353299122	76.2909767995845	86.24480483689376
S112.8459_S14	75.54913435918034	80.87482407588902	72.41072417729346	86.95056313025161	85.28337673555978	79.8410540898334	73.09631854454874	75.40875452471683	75.89934126235467	84.17629773476555	80.37561027711182	80.2077590386517	0.0	95.55351083606585	80.42976749871542	80.31006153391786	82.97795094505595	77.04571758396129	75.55877285349732	75.45937695234109	80.47128363976462	74.71448425782114	73.52925106832696	74.83206862691372	82.26578751690717	76.33253132214871	86.35984314935075	79.58181664644349	80.26653420000301	69.43781409386573	71.78558888668042	84.09812742255	85.5683940222133	75.2929144448663	77.99244223332464	74.5385403214412	76.75976731792657	84.64097728131341	72.70135463306079	99.85945129917354	82.94402963687179	79.82253406234472	84.75543143321478	84.65734606882944	71.60019847961438	83.07802665973546	79.64227927986124	96.40339654593194	74.7880269711811	91.51863557663455
S113.8451_S15	96.97343175590123	88.47689668677151	85.75055353628889	86.11395288770517	97.64001041123409	98.03695728820009	86.07377853106406	88.18664074411758	88.28422872928796	94.34022025920241	96.86181871226917	88.41211237262704	95.55351083606585	0.0	89.48974517548919	92.51273006057181	101.11530809777486	91.8349566570974	86.37295149555014	74.5436188893822	87.92699770308452	85.85990670481796	70.91186819180683	91.22082981701128	97.96321693280892	87.61708675523212	87.31477789417166	92.71212782406339	98.18768349453113	86.81710640299363	79.3301261359841	72.83603506379222	81.30231178748747	91.66192188119253	92.28214500507738	86.96016231198936	93.58558556785802	98.62548630215134	79.78514065755601	81.82586068777614	93.64445006058597	96.75699408399055	95.51508135500029	87.16818698106985	93.45716133976998	93.74789552695995	88.63895610551792	92.01781050911826	92.5870669804512	73.59556518256267
S114.8452_S16	78.35109148296304	73.9117458604241	73.66021846797989	78.76122463160603	80.07868122889386	83.90206075392025	73.24108080699023	75.73923128690024	68.97301180165562	78.4161497115131	81.85405996459794	77.06872360289371	80.42976749871542	89.48974517548919	0.0	71.03975883789533	85.79898265336853	75.09433083531003	73.8830997537729	69.15347289720626	79.31388972813913	72.79987024078761	72.78621726296458	69.10814905364214	82.19617716040881	71.68305064696209	80.34398225016872	75.96471872557623	80.35964087809586	73.80377391251695	69.98452189600329	81.07560494326678	74.21296124464516	74.30986922038537	76.40507841468823	72.34869167344256	76.4818449266709	79.28021128412223	69.40037232297178	96.3771123849562	78.54930354620076	77.5029506645036	76.31294186225603	75.87535675900591	73.57600170426137	76.24052565625345	76.85903779119526	93.99548018666411	77.02518190746002	88.86367511118821
S115.8234_S17	76.6411015330761	71.92439604194367	74.68707572055008	80.63588797115885	79.18386210312073	85.43013357149215	73.01355202932422	77.51715388474159	67.29794990946796	78.99311002371414	82.58007243008733	77.13286168128552	80.31006153391786	92.51273006057181	71.03975883789533	0.0	85.07369818956094	75.08810957906233	72.52135360460427	68.66113129106542	81.91036146361301	70.25822767820966	74.28691009012049	69.19722891464455	81.68861825065537	72.43392936086603	78.42593976345607	78.0855632246403	81.19135539681542	73.45177360396426	71.02846102879936	83.12482195669463	80.20113813396485	72.46132564695274	79.23926813576556	69.85244893066776	71.90278571996092	80.64544093511167	67.11148550475255	98.71346656236943	80.35480520946267	79.22316535836765	79.14489125070342	77.38372981227579	73.23857962526533	75.08891702960574	76.71274875740554	94.89809676492274	77.36458859755865	89.41782403664601
S116.8209_S18	80.23018711006198	87.55419291359347	80.49246042488416	89.96430657414123	85.02056200924754	80.7717544361635	75.3324937719799	77.18587214232613	80.5073585825755	92.97333998759851	81.6069123413185	86.24841279249748	82.97795094505595	101.11530809777486	85.79898265336853	85.07369818956094	0.0	84.42823210770636	81.65525956760467	80.30541981450874	85.3177457625884	80.48325423730631	77.8986823988768	76.29473257920854	79.57659822114391	78.89512063760384	92.25805068314327	76.30589107908825	83.4208800107535	73.61541718637902	77.97136251330696	92.87327733227674	93.35205115103973	80.65970599546851	77.41693906965625	82.8323866340205	85.5080805708954	91.49889847471252	78.50574064322878	105.16302366259201	89.26888595256986	85.12440411354578	87.60723584654414	91.22273100315672	78.50439969919051	86.2585402650937	84.29951010458258	100.82969509334808	78.42831779551715	101.39741621078232
S117.8026_S19	76.8525675316631	75.17796915444525	72.3708574420636	82.77429665266541	83.11806883714033	79.40303796686308	65.6486363929116	72.42503375283157	71.2296883387589	78.23754411507976	78.67234490088677	77.36438498985491	77.04571758396129	91.8349566570974	75.09433083531003	75.08810957906233	84.42823210770636	0.0	70.85057058968425	69.68483074704295	77.34231686454497	73.67601916068546	71.5659841641579	74.23435278347733	79.38239013373288	69.0021122729679	83.48125376708855	78.7321083088872	81.84611358506962	70.27287289209127	68.34971022029158	83.77434878265133	79.26235577310608	68.88519849370527	75.30133140020298	74.78444407874032	73.73816683397551	81.13235675596734	66.54500412378339	98.56580930263138	80.58392580772289	78.43756529290556	80.21612495057622	79.0312140603147	68.16620958547574	73.16938154736319	80.90759870468976	96.36218043780293	73.1863021745093	90.26340324174294
S118.8490_S20	74.61618602931811	77.5659340271746	63.74852594490761	75.22424679905657	78.31328926416985	77.37645111425718	63.617838875876316	68.87383943830196	68.00976775997484	79.41448612083816	65.72578231923137	74.91197069324497	75.55877285349732	86.37295149555014	73.8830997537729	72.52135360460427	81.65525956760467	70.85057058968425	0.0	64.82843238301145	75.68978181344112	68.35552355295324	65.5900255744594	68.66738883628693	76.94852881784867	64.03694430780843	80.91238301485296	73.98950352209262	78.53216330054683	62.96423002405437	62.72181130328426	76.75400761723468	78.78504303164246	66.13871308593681	71.11671432712595	68.34180001665597	72.98286926306554	80.12973936821419	66.75121003615702	94.15682327422269	77.91847223081504	79.53143792298467	80.49651476297333	77.75839797469138	68.74204931595749	76.71868274299658	74.82512599718834	91.14715313628237	71.62968114189219	82.81002931559118
S119.8130_S21	74.60486921008552	73.05823635207967	68.42683625456142	68.95589726446089	77.26090538776323	76.4035910155081	62.39411815412073	66.00609831323128	65.3338712512232	76.37128968815438	74.77578010599052	71.91187149360397	75.45937695234109	74.5436188893822	69.15347289720626	68.66113129106542	80.30541981450874	69.68483074704295	64.82843238301145	0.0	69.60100912625592	63.07084887050199	57.83943353403027	68.24679535888761	76.6052046370771	65.18020521127477	72.65228378296963	72.01634411265928	76.11270580497704	65.54562227148017	59.82614468158989	67.98471393506092	68.17365380674863	67.29230039929514	71.01292802640504	62.43719249329744	73.44112312224155	81.20961939516827	58.32535637027571	84.57832286325197	76.13115510668928	75.92670976403457	75.84490349334558	71.30564931047132	70.23367409040256	74.01134907460433	69.23834324235239	84.75857238886809	69.66106076222832	73.67578916144006
S120.8477_S22	83.2171906563032	78.59624425680555	73.47425968189397	77.5684207122024	82.36658220064295	87.83060509040155	75.23310167323481	78.46153799850165	78.43488874408995	81.4942350496585	81.11357023449972	75.72525198253771	80.47128363976462	87.92699770308452	79.31388972813913	81.91036146361301	85.3177457625884	77.34231686454497	75.68978181344112	69.60100912625592	0.0	75.55838054583516	72.92755463978075	74.636336059776	84.49535962568945	77.33450267457876	80.51290328902746	76.88376597096055	81.4308537826253	75.62411738831713	69.12140935926746	75.11500658155121	80.12723280664078	78.01522176963682	83.45900444920821	75.14355563862951	84.00007582102158	88.81349558762999	71.52097444610526	92.0453337361889	77.53026505995626	75.46472302222536	83.5406253023605	80.69833533236101	80.1445946047951	77.97640774697902	78.39288406000465	86.23444046819738	82.65863153747094	86.92557722717011
S121.8264_S23	73.08201114393151	75.6963272520396	70.50005942068054	76.86472754399047	77.44813803351066	78.26487719986997	65.50764666742445	68.91674143706402	67.34574829158537	81.21939528334188	75.73952926746544	72.86902677167879	74.71448425782114	85.85990670481796	72.79987024078761	70.25822767820966	80.48325423730631	73.67601916068546	68.35552355295324	63.07084887050199	75.55838054583516	0.0	67.80371187759556	67.46792201560305	78.95336414290988	68.40746902151413	77.21571968387073	74.29080710095816	77.2941210231094	65.22463887793438	66.71157866938023	77.9831068824251	78.27001434443578	66.96592225602258	72.19469961545333	68.92219844583211	70.79534700527809	82.13744511269712	64.21332485383093	93.31492027288793	78.19954752612514	77.52400059166193	75.35377000763233	78.19591574567774	70.73615086970966	74.4814215838062	71.78688014322981	89.47326970665873	70.22088256481474	84.80347097505673
S122.8134_S24	75.83700796442366	71.97827428878367	65.58510051108118	73.80405296716059	77.95448338029193	75.41446881617112	60.84340159010104	61.94420099789176	68.03199697779374	79.99564621224654	76.50229722059194	72.80886584697372	73.52925106832696	70.91186819180683	72.78621726296458	74.28691009012049	77.8986823988768	71.5659841641579	65.5900255744594	57.83943353403027	72.92755463978075	67.80371187759556	0.0	66.96384084040956	77.37961845397504	66.93858061222542	74.59395600930263	68.74902701430993	79.56480710960805	62.15923089853747	57.06196837450473	66.71728014761516	71.47362015297166	68.98408829123814	66.84914750332386	69.06709930400189	75.3489220250686	79.17492766427215	59.54706525791017	76.41667074137077	79.14470277754205	77.33396844518049	78.25331505927562	73.24366574989745	70.95456619805977	75.27521760611411	71.70640698037582	79.68375981470902	69.43352161638201	75.58381151601706
S123.8176_S25	70.51138079807168	75.59879567593516	66.76081067887083	78.78088366988813	72.8692307212887	75.82573309962707	66.01855383869758	67.84189468533243	63.33538908171543	79.57442546323936	70.07748464329862	75.17425585939536	74.83206862691372	91.22082981701128	69.10814905364214	69.19722891464455	76.29473257920854	74.23435278347733	68.66738883628693	68.24679535888761	74.636336059776	67.46792201560305	66.96384084040956	0.0	75.59077796151844	67.12960124387727	79.31776260743975	68.85156502403208	75.47180730457812	67.34963724851374	68.92954089897619	81.17968474882787	80.51470343374855	68.22010544323845	73.45389291114101	69.0048751505719	71.11631380979433	81.74838951185838	66.00155155460214	95.37121842260903	74.99137920290137	70.62419918702646	76.38772686616521	77.91462299421165	68.05090660468083	72.68744139275069	74.82120887291975	89.62425687643064	69.72600360027394	87.83322886625922
S124.8224_S26	74.4194989412121	85.16639207137351	76.87113451318382	87.85399805908219	80.36866486590638	76.56167445242926	70.73879770391265	73.91430666095083	72.59854953899386	87.6419713731085	75.15593273118245	79.08807513024284	82.26578751690717	97.96321693280892	82.19617716040881	81.68861825065537	79.57659822114391	79.38239013373288	76.94852881784867	76.6052046370771	84.49535962568945	78.95336414290988	77.37961845397504	75.59077796151844	0.0	72.50627517723686	87.86505948039382	75.68566658824044	79.70594688574042	75.46551797313172	77.37306412136198	89.45305545951392	88.68552712688388	74.87963591382112	76.66487315749895	79.3926853394949	78.08864900814112	88.13911694396211	75.3307898208153	102.68386032915988	82.38920473966559	81.79227698395725	82.91933037781479	87.02501536065601	74.71574379869877	85.54934974615462	84.9791504773124	98.13482703410982	72.14192499978863	97.50687124466954
S125.8210_S27	70.37331439951461	76.01361197811919	68.99879760754273	78.42204623013546	77.11493340478532	73.61697208704247	60.536368981908794	63.73239526130327	63.16228980099131	79.269745547625	74.15308925661286	73.29904832558762	76.33253132214871	87.61708675523212	71.68305064696209	72.43392936086603	78.89512063760384	69.0021122729679	64.03694430780843	65.18020521127477	77.33450267457876	68.40746902151413	66.93858061222542	67.12960124387727	72.50627517723686	0.0	78.77574043901765	74.79772425785346	78.19033022085331	65.35620952835656	63.37012645264148	80.93492012786795	77.57025474673512	64.05772503639477	66.28426588741156	69.03232396964468	70.35376216251287	79.47556648238667	63.68392719191059	92.75213037232702	77.49425825507875	76.36083240409755	76.4082357940847	79.67375325921454	65.31418337000157	71.57027448595713	77.47210017550596	92.6356971163569	64.67938019303507	86.37852525475583
S126.8135_S28	85.64461694855933	78.31421836771715	78.81639350883205	83.26972808057089	85.24012628151463	94.36411325686088	78.9355697287708	83.49243350396547	76.61055757512356	85.1049263976651	88.66197402266243	83.83933539216844	86.35984314935075	87.31477789417166	80.34398225016872	78.42593976345607	92.25805068314327	83.48125376708855	80.91238301485296	72.65228378296963	80.51290328902746	77.21571968387073	74.59395600930263	79.31776260743975	87.86505948039382	78.77574043901765	0.0	84.7090231428493	86.94211206966182	82.17164054459182	76.83679648365451	80.74417365478128	76.93730835858081	79.73056600492235	86.5208526264756	77.69293213317289	84.11243833673305	88.39432459831743	70.05215441804552	91.71286006108902	82.81934615904493	83.47830068780607	83.89729533771813	77.55285365056967	83.7974327271169	82.30875563967074	81.25765278401649	92.41071850107635	85.94113159051577	87.7676132177649
S127.8112_S29	75.91912765542773	77.6924359807863	73.24137865654258	83.4789773238232	75.1716067845141	78.1402058489393	67.64152080990911	69.21193442224607	71.66759026760667	84.4700460044367	76.9324336725449	76.64303630924027	79.58181664644349	92.71212782406339	75.96471872557623	78.0855632246403	76.30589107908825	78.7321083088872	73.98950352209262	72.01634411265928	76.88376597096055	74.29080710095816	68.74902701430993	68.85156502403208	75.68566658824044	74.79772425785346	84.7090231428493	0.0	79.29263104097457	68.00847194678883	68.75154427403072	83.93373497428838	84.69036693589618	76.53096142613775	70.72195912667323	75.93677285996658	77.17064875232616	81.25331776628549	70.93136058624566	96.47291251687994	79.58585407092527	75.16658240461638	81.84143998609015	84.50096343185696	73.89626525976001	76.81309174415509	78.0605337718699	90.64478325798193	74.82044036672092	91.76028297945419
S128.8202_S30	80.46724124728713	83.08723399501088	78.18844406135798	85.94918985490732	84.27938219548459	83.09209298929511	76.40487429184834	76.90908268770585	77.7102505729005	84.6302400297913	79.77522825368344	78.11964917942757	80.26653420000301	98.18768349453113	80.35964087809586	81.19135539681542	83.4208800107535	81.84611358506962	78.53216330054683	76.11270580497704	81.4308537826253	77.2941210231094	79.56480710960805	75.47180730457812	79.70594688574042	78.19033022085331	86.94211206966182	79.29263104097457	0.0	75.66923346565845	76.9538339448816	86.90591197667254	86.8686504477911	79.48082639850078	80.48193150680535	77.77510009144632	80.9531852405444	88.42108613181071	74.77063440971533	103.57628891102966	84.30754492544429	80.45307391846166	87.26476454942727	85.87205614923103	78.79600094366525	81.23138992827968	79.18006215762179	97.55780221442863	78.77558354593846	94.42693692032381
S129.8204_S31	72.67002741611176	77.59497859301736	68.02958634073947	79.02125271734009	77.5930667528944	68.38177168398323	58.047177480926436	60.62795729104815	64.74468062324976	83.01654704875008	74.09501197265631	73.24903757057915	69.43781409386573	86.81710640299363	73.80377391251695	73.45177360396426	73.61541718637902	70.27287289209127	62.96423002405437	65.54562227148017	75.62411738831713	65.22463887793438	62.15923089853747	67.34963724851374	75.46551797313172	65.35620952835656	82.17164054459182	68.00847194678883	75.66923346565845	0.0	60.948154372534795	79.73566258251653	80.91520268713745	67.19247980692491	64.06335378841348	69.49533922194298	71.63735591793053	78.14397672544554	66.97417806129442	93.62951122338316	79.70632697801675	73.78240736370758	78.10108486785872	81.29062947052736	65.6625401837632	74.72563655688174	74.85362065298665	88.4256337883854	64.64188064184387	86.46967969760638
S130.8507_S32	72.36755411374901	68.45957143080908	61.585522144460974	75.31251698501183	77.2738975018448	76.0982333446919	61.47354197245981	63.85299767568275	67.21532832383014	78.35802346709836	75.06541357675385	71.76346307519088	71.78558888668042	79.3301261359841	69.98452189600329	71.02846102879936	77.97136251330696	68.34971022029158	62.72181130328426	59.82614468158989	69.12140935926746	66.71157866938023	57.06196837450473	68.92954089897619	77.37306412136198	63.37012645264148	76.83679648365451	68.75154427403072	76.9538339448816	60.948154372534795	0.0	69.89760545273505	72.7147047318261	66.4742539051297	64.47590862820634	68.1460178583532	73.54877409351774	69.76723848283022	63.49062038421752	87.76262940937184	77.37975634725628	77.4751321833531	76.24032579573598	76.34057476842764	66.79649275263516	72.85417294286326	72.55614904364089	88.76173106142053	67.8884046236911	80.09391237992511
S131.8274_S33	87.83572304736853	81.02706104458045	73.35070258579692	77.36552956429784	89.24724601048574	91.19667854982418	78.83202605628898	79.82072071050068	81.4605288366806	84.91405297125716	86.57418488067913	81.32454265154897	84.09812742255	72.83603506379222	81.07560494326678	83.12482195669463	92.87327733227674	83.77434878265133	76.75400761723468	67.98471393506092	75.11500658155121	77.9831068824251	66.71728014761516	81.17968474882787	89.45305545951392	80.93492012786795	80.74417365478128	83.93373497428838	86.90591197667254	79.73566258251653	69.89760545273505	0.0	77.3024304947798	82.82020274209003	85.2041763148756	77.57154507828557	85.19599221505705	92.09413481811659	70.0590482094147	84.3107973323888	85.14703537862813	87.45628022859962	86.40250823260325	79.39424106892375	84.2908364144739	84.59158065168549	81.0011663912548	84.03023781255375	85.63340323899496	74.30250023249185
S132.8297_S34	86.33675349660192	75.39735558639002	78.18137920853846	79.42553019847331	86.05342009024093	92.44845400395485	77.61893136239715	80.48121984694752	77.21759544034504	81.06972809738387	87.56764190612093	79.34935466949062	85.5683940222133	81.30231178748747	74.21296124464516	80.20113813396485	93.35205115103973	79.26235577310608	78.78504303164246	68.17365380674863	80.12723280664078	78.27001434443578	71.47362015297166	80.51470343374855	88.68552712688388	77.57025474673512	76.93730835858081	84.69036693589618	86.8686504477911	80.91520268713745	72.7147047318261	77.3024304947798	0.0	80.41757638149963	83.76175556059447	77.14447706102843	82.36734440228358	85.88075661550148	70.26190534946736	90.4343464585749	82.33237612624877	84.73710639908305	84.12676000716074	77.98122899790441	81.79621594198609	83.061318955588	75.99161046906556	92.29360766967602	83.91127729214719	80.61529797120036
S133.8222_S35	70.6458461886641	77.63305979805529	68.50936705028396	79.6459583444224	74.84352795154909	77.16606157038365	61.60279949988701	67.12467124119027	62.30658682376162	81.26476016231155	72.58398724844935	76.3283445335215	75.2929144448663	91.66192188119253	74.30986922038537	72.46132564695274	80.65970599546851	68.88519849370527	66.13871308593681	67.29230039929514	78.01522176963682	66.96592225602258	68.98408829123814	68.22010544323845	74.87963591382112	64.05772503639477	79.73056600492235	76.53096142613775	79.48082639850078	67.19247980692491	66.4742539051297	82.82020274209003	80.41757638149963	0.0	70.17283906576814	70.52193821860968	72.107607450302	80.2386093894014	67.58953775560195	96.92952845552259	78.91414476471732	78.58526416821671	74.56225018387654	79.96343461011926	65.64523649535877	76.4422687631948	76.96454128394645	94.10352662069074	66.34613744465011	90.28920068077854
S134.8546_S36	75.42226031360117	80.80613704217285	70.25369545182106	84.21911426256516	78.98414658509874	74.1748870073116	61.46559981668793	60.91069021151374	71.48059229446758	86.79188838111178	75.02155188804598	78.27603808356902	77.99244223332464	92.28214500507738	76.40507841468823	79.23926813576556	77.41693906965625	75.30133140020298	71.11671432712595	71.01292802640504	83.45900444920821	72.19469961545333	66.84914750332386	73.45389291114101	76.66487315749895	66.28426588741156	86.5208526264756	70.72195912667323	80.48193150680535	64.06335378841348	64.47590862820634	85.2041763148756	83.76175556059447	70.17283906576814	0.0	76.62205123313399	77.27644533642005	81.18061585007311	71.26507868832313	97.26670140266248	81.03294797346223	82.10987451519573	82.0224100841414	86.5690675057481	71.94132528679486	80.02364562455452	79.38514793375691	95.93620758511618	67.25017494112255	92.73059795197733
S135.8381_S37	73.84511717468904	73.94280226416723	70.47831405047495	75.75173398077976	78.00667814223976	80.35564615787086	68.83332186671394	72.15810437514043	64.38125821489352	73.53934410053598	76.54728603533285	73.36709379642113	74.5385403214412	86.96016231198936	72.34869167344256	69.85244893066776	82.8323866340205	74.78444407874032	68.34180001665597	62.43719249329744	75.14355563862951	68.92219844583211	69.06709930400189	69.0048751505719	79.3926853394949	69.03232396964468	77.69293213317289	75.93677285996658	77.77510009144632	69.49533922194298	68.1460178583532	77.57154507828557	77.14447706102843	70.52193821860968	76.62205123313399	0.0	72.95516020551221	81.01730965453089	64.84897561061388	93.57959273739202	80.07930346814081	70.96214653180732	77.92946125355635	73.15738549322856	68.72395291081642	76.2495201960996	73.7365118042166	91.00454328951871	70.55139839765152	81.4749317107892
S136.8391_S38	73.09687796622093	77.56169902449074	74.64629982455918	82.40560809638957	79.45207119644027	81.12829851111316	67.053236970659	73.08750185621685	64.48650618470425	78.92551105462901	79.15918395080844	72.23578737784447	76.75976731792657	93.58558556785802	76.4818449266709	71.90278571996092	85.5080805708954	73.73816683397551	72.98286926306554	73.44112312224155	84.00007582102158	70.79534700527809	75.3489220250686	71.11631380979433	78.08864900814112	70.35376216251287	84.11243833673305	77.17064875232616	80.9531852405444	71.63735591793053	73.54877409351774	85.19599221505705	82.36734440228358	72.107607450302	77.27644533642005	72.95516020551221	0.0	82.72060670866726	71.64940834949405	100.68885265092332	80.43895124238172	76.62618621752316	80.64239806222761	81.42970114765308	66.87105777903763	77.38895535778681	78.69815662984038	98.58155849500262	71.69123873746226	90.40954613267832
S137.8574_S39	81.84387878904427	76.36858177701704	77.00820937066268	90.25081850247707	87.3827020794111	90.36776806587172	80.15544845304773	81.07562284462033	78.54577955226335	85.91529305256427	89.19391606392877	83.30593449803916	84.64097728131341	98.62548630215134	79.28021128412223	80.64544093511167	91.49889847471252	81.13235675596734	80.12973936821419	81.20961939516827	88.81349558762999	82.13744511269712	79.17492766427215	81.74838951185838	88.13911694396211	79.47556648238667	88.39432459831743	81.25331776628549	88.42108613181071	78.14397672544554	69.76723848283022	92.09413481811659	85.88075661550148	80.2386093894014	81.18061585007311	81.01730965453089	82.72060670866726	0.0	78.12711714790088	105.1527016640423	88.90596082955778	86.11233431219287	87.02691212212407	88.38204201188005	78.47527213481563	83.45766252255164	87.18725750553737	104.40573395313157	83.07445949350969	97.9001750763606
S138.8047_S40	70.41838346824169	68.13415022540975	65.3536676137349	73.6301946562303	75.3788759214854	75.9522923767343	59.02963246274139	63.62694487625719	64.56804261523439	74.13447300023478	73.42322525380393	70.5830855983993	72.70135463306079	79.78514065755601	69.40037232297178	67.11148550475255	78.50574064322878	66.54500412378339	66.75121003615702	58.32535637027571	71.52097444610526	64.21332485383093	59.54706525791017	66.00155155460214	75.3307898208153	63.68392719191059	70.05215441804552	70.93136058624566	74.77063440971533	66.97417806129442	63.49062038421752	70.0590482094147	70.26190534946736	67.58953775560195	71.26507868832313	64.84897561061388	71.64940834949405	78.12711714790088	0.0	86.89391293094724	74.91227253591957	74.37768361684782	76.77642423208687	71.65131619780298	67.80102747931831	68.73717631777174	72.1421146532617	85.02871653318704	68.74654600273216	79.9825423461209
S139.8583_S41	101.3160465992869	97.456767032461	93.26685234401359	93.37499440652637	101.53362512861575	103.54953917031462	90.77838270983682	94.2970159642922	95.23842220343973	102.31467642168828	101.93952362386096	95.94773460113245	99.85945129917354	81.82586068777614	96.3771123849562	98.71346656236943	105.16302366259201	98.56580930263138	94.15682327422269	84.57832286325197	92.0453337361889	93.31492027288793	76.41667074137077	95.37121842260903	102.68386032915988	92.75213037232702	91.71286006108902	96.47291251687994	103.57628891102966	93.62951122338316	87.76262940937184	84.3107973323888	90.4343464585749	96.92952845552259	97.26670140266248	93.57959273739202	100.68885265092332	105.1527016640423	86.89391293094724	0.0	98.75941582443208	99.87945017458362	98.95545988167456	95.47378106618962	98.87622067381876	98.83223857838196	95.49354409924996	91.69680080794963	98.87695071999102	86.67301242331591
S140.8013_S42	80.33121885693473	80.14952453401055	76.59799200986328	84.35087591920674	80.01728899227588	88.40346712589957	77.40851430998583	80.71041180210347	76.89603849718792	83.33650660965536	81.75998472499103	80.9599519604769	82.94402963687179	93.64445006058597	78.54930354620076	80.35480520946267	89.26888595256986	80.58392580772289	77.91847223081504	76.13115510668928	77.53026505995626	78.19954752612514	79.14470277754205	74.99137920290137	82.38920473966559	77.49425825507875	82.81934615904493	79.58585407092527	84.30754492544429	79.70632697801675	77.37975634725628	85.14703537862813	82.33237612624877	78.91414476471732	81.03294797346223	80.07930346814081	80.43895124238172	88.90596082955778	74.91227253591957	98.75941582443208	0.0	79.02612721765112	83.14960623424422	86.92892527121317	78.60814199585347	80.76019762757238	79.45211398143559	93.44641130055707	81.75605230701647	90.71543721599812
S141.8080_S43	77.7723587507882	78.37481726683676	75.68156242759798	82.58890547197596	79.19578863584601	80.85167341580483	74.95237897126106	77.8411363124636	75.21368557478837	83.04423768208997	81.08176874364653	78.33283966597592	79.82253406234472	96.75699408399055	77.5029506645036	79.22316535836765	85.12440411354578	78.43756529290556	79.53143792298467	75.92670976403457	75.46472302222536	77.52400059166193	77.33396844518049	70.62419918702646	81.79227698395725	76.36083240409755	83.47830068780607	75.16658240461638	80.45307391846166	73.78240736370758	77.4751321833531	87.45628022859962	84.73710639908305	78.58526416821671	82.10987451519573	70.96214653180732	76.62618621752316	86.11233431219287	74.37768361684782	99.87945017458362	79.02612721765112	0.0	82.41232776871743	80.81818052249139	74.21848009513543	76.44778988520059	78.04348679688691	90.76002780121469	78.60277830079914	92.09864413696508
S142.8621_S44	77.18046970538933	78.47480682395441	78.74308521519589	87.416323763347	79.93440025370319	87.17770028295867	75.38341411320417	79.33474898277107	75.06008371423873	84.06429105321696	85.85974640027186	83.12827934764256	84.75543143321478	95.51508135500029	76.31294186225603	79.14489125070342	87.60723584654414	80.21612495057622	80.49651476297333	75.84490349334558	83.5406253023605	75.35377000763233	78.25331505927562	76.38772686616521	82.91933037781479	76.4082357940847	83.89729533771813	81.84143998609015	87.26476454942727	78.10108486785872	76.24032579573598	86.40250823260325	84.12676000716074	74.56225018387654	82.0224100841414	77.92946125355635	80.64239806222761	87.02691212212407	76.77642423208687	98.95545988167456	83.14960623424422	82.41232776871743	0.0	84.97173384834575	73.93466007731558	78.98758278977607	83.74769007236746	97.91010001588631	78.77131586421912	94.46173517649488
